kAUm = 149597870691;
kG_E = 398600.8;
kr_E = 6378.1363;
kJ2 = +1.0826158 * (10^(-3));
kJ3 = -2.5388100 * (10^(-6));
kJ4 = -1.6559700 * (10^(-6));
kAE = 1.0;
kb_e = 6356.7516005;
kepsilon_e = 8.18192214562e-02;
kw_e = 7.292115e-05;